Job <910250> is submitted to queue <hour>.
Core: 01, seconds_elapsed : 20.647512:: Error: 0.017807, Steps : 32 (1429723046.678175, 1429723067.325687) 
Core: 00, seconds_elapsed : 21.280241:: Error: 0.016898, Steps : 32 (1429723046.046802, 1429723067.327043) 
core_linear: 0, err : 0.016898
core_linear: 1, err : 0.017807
*#06#: 248, 248, 248: 1, 1, 2: 21.280241,0.017353,32
