Job <910282> is submitted to queue <hour>.
Core: 00, seconds_elapsed : 21.965975:: Error: 0.016898, Steps : 32 (1429723419.351896, 1429723441.317871) 
Core: 01, seconds_elapsed : 21.400869:: Error: 0.017807, Steps : 32 (1429723419.939709, 1429723441.340578) 
core_linear: 0, err : 0.016898
core_linear: 1, err : 0.017807
*#06#: 248, 248, 248: 1, 1, 2: 21.965975,0.017353,32
