Job <906660> is submitted to queue <hour>.
Core: 01, seconds_elapsed : 0.624231:: Error: 0.011525, Steps : 32 (1429719094.666238, 1429719095.290469) 
Core: 00, seconds_elapsed : 0.635296:: Error: 0.008652, Steps : 32 (1429719094.656383, 1429719095.291679) 
core_linear: 0, err : 0.008652
core_linear: 1, err : 0.011525
*#06#: 62, 62, 124: 1, 1, 2: 0.635296,0.010089,32
