Job <905814> is submitted to queue <hour>.
Core: 01, seconds_elapsed : 0.649650:: Error: 0.011769, Steps : 32 (1429717083.187322, 1429717083.836972) 
Core: 00, seconds_elapsed : 1.236512:: Error: 0.008820, Steps : 32 (1429717083.174655, 1429717084.411167) 
core_linear: 0, err : 0.008820
core_linear: 1, err : 0.011769
*#06#: 62, 62, 124: 1, 1, 2: 1.236512,0.010294,32
