Job <906252> is submitted to queue <hour>.
Core: 01, seconds_elapsed : 0.603860:: Error: 0.011525, Steps : 32 (1429718588.279728, 1429718588.883588) 
Core: 00, seconds_elapsed : 0.613898:: Error: 0.008652, Steps : 32 (1429718588.272025, 1429718588.885923) 
core_linear: 0, err : 0.008652
core_linear: 1, err : 0.011525
*#06#: 62, 62, 124: 1, 1, 2: 0.613898,0.010089,32
